0.917
0.944
0.918
0.93
0.922
0.922
0.911
0.906
0.898
0.885
0.885
0.882
0.876
0.872
0.865
0.867
0.871
0.869
0.871
0.872
0.872
0.88
0.885
0.887
0.891
0.896
0.898
0.902
0.909
0.915
0.898
0.898
0.904
0.896
0.898
0.896
0.896
0.896
0.893
0.891
0.898
0.904
0.902
0.904
0.902
0.907
0.906
0.902
0.898
0.904
0.9
0.9
0.887
0.895
0.887
0.896
0.895
0.896
0.891
0.898
0.88
0.883
0.885
0.883
0.891
0.893
0.891
0.898
0.898
0.883
0.898
0.893
0.896
0.893
0.9
0.887
0.896
0.891
0.896
0.904
0.906
0.915
0.896
0.907
0.909
0.906
0.909
0.911
0.926
0.907
0.909
0.917
0.911
0.913
0.922
0.911
0.915
0.924
0.913
0.93
0.928
0.928
0.926
0.926
0.906
0.906
0.9
0.891
0.906
0.9
0.9
0.895
0.898
0.895
0.889
0.893
0.895
0.913
0.895
0.906
0.902
0.904
0.904
0.898
0.896
0.902
0.902
0.904
0.904
0.898
0.902
0.896
0.9
0.9
0.9
0.898
0.9
0.895
0.909
0.907
0.902
0.898
0.896
0.893
0.904
0.904
0.906
0.902
0.895
0.891
0.882
0.885
0.883
0.885
0.893
0.898
0.895
0.9
0.893
0.891
0.889
0.883
0.883
0.893
0.9
0.9
0.895
0.9
0.891
0.895
0.887
0.885
0.893
0.906
0.907
0.913
0.898
0.898
0.898
0.898
0.898
0.898
0.904
0.902
0.907
0.906
0.92
0.907
0.928
0.93
0.935
0.935
0.933
0.942
0.93
0.931
0.924
0.924
0.911
0.909
0.909
0.9
0.896
0.893
0.895
0.895
0.904
0.898
0.898
0.895
0.904
0.906
0.906
0.898
0.898
0.895
0.891
0.891
0.895
0.898
0.898
0.902
0.898
0.898
0.902
0.904
0.904
0.907
0.911
0.913
0.895
0.893
0.904
0.898
0.898
0.9
0.898
0.9
0.9
0.902
0.896
0.891
0.883
0.882
0.885
0.887
0.889
0.893
0.891
0.898
0.891
0.895
0.891
0.885
0.893
0.896
0.904
0.902
0.904
0.9
0.895
0.896
0.898
0.891
0.891
0.907
0.9
0.9
0.906
0.906
0.907
0.913
0.915
0.913
0.915
0.917
0.939
0.918
0.933
0.942
0.942
0.944
0.939
0.937
0.931
0.926
0.915
0.911
0.904
0.915
0.907
0.922
0.911
0.906
0.902
0.904
0.907
0.904
0.902
0.9
0.891
0.898
0.9
0.896
0.891
0.885
0.893
0.891
0.891
0.896
0.9
0.909
0.904
0.913
0.913
0.904
0.904
0.898
0.907
0.904
0.909
0.907
0.902
0.902
0.896
0.895
0.889
0.893
0.885
0.887
0.882
0.885
0.895
0.889
0.887
0.891
0.885
0.885
0.893
0.902
0.893
0.895
0.889
0.885
0.893
0.889
0.893
0.9
0.898
0.902
0.904
0.895
0.891
0.896
0.893
0.902
0.902
0.915
0.92
0.911
0.913
0.911
0.915
0.913
0.915
0.913
0.924
0.931
0.933
0.946
0.941
0.944
0.942
0.935
0.939
0.924
0.913
0.911
0.902
0.913
0.907
0.902
0.904
0.911
0.917
0.906
0.896
0.898
0.893
0.902
0.902
0.9
0.896
0.885
0.887
0.883
0.889
0.887
0.895
0.898
0.909
0.904
0.907
0.902
0.906
0.911
0.906
0.907
0.906
0.904
0.9
0.896
0.893
0.898
0.9
0.891
0.891
0.895
0.885
0.895
0.896
0.887
0.882
0.882
0.876
0.878
0.885
0.896
0.9
0.896
0.891
0.887
0.891
0.896
0.895
0.902
0.889
0.893
0.891
0.889
0.898
0.896
0.893
0.891
0.9
0.9
0.9
0.909
0.907
0.911
0.902
0.902
0.907
0.909
0.911
0.913
0.944
0.917
0.935
0.937
0.948
0.944
0.946
0.952
0.935
0.939
0.933
0.928
0.915
0.909
0.907
0.896
0.907
0.911
0.904
0.9
0.9
0.896
0.906
0.907
0.902
0.887
0.885
0.885
0.891
0.896
0.9
0.898
0.896
0.889
0.891
0.904
0.906
0.904
0.906
0.9
0.913
0.904
0.909
0.902
0.898
0.898
0.895
0.907
0.9
0.9
0.885
0.891
0.883
0.885
0.891
0.883
0.896
0.895
0.898
0.891
0.883
0.874
0.883
0.893
0.891
0.9
0.896
0.887
0.898
0.896
0.902
0.891
0.895
0.893
0.893
0.883
0.895
0.904
0.896
0.887
0.887
0.893
0.896
0.9
0.915
0.918
0.913
0.909
0.911
0.917
0.913
0.917
0.935
0.917
0.918
0.942
0.948
0.952
0.955
0.944
0.937
0.931
0.939
0.92
0.918
0.913
0.911
0.907
0.906
0.909
0.906
0.907
0.92
0.909
0.902
0.9
0.9
0.907
0.898
0.9
0.9
0.896
0.887
0.891
0.891
0.891
0.885
0.9
0.9
0.902
0.906
0.906
0.909
0.907
0.906
0.898
0.911
0.904
0.902
0.907
0.906
0.906
0.893
0.893
0.889
0.882
0.887
0.889
0.895
0.882
0.878
0.88
0.883
0.882
0.895
0.898
0.896
0.9
0.887
0.891
0.895
0.887
0.895
0.896
0.904
0.893
0.896
0.891
0.893
0.896
0.893
0.891
0.895
0.895
0.895
0.893
0.896
0.9
0.906
0.896
0.909
0.917
0.913
0.911
0.917
0.922
0.922
0.946
0.92
0.922
0.92
0.924
0.922
0.92
0.922
0.924
0.922
0.926
0.941
0.941
0.933
0.944
0.937
0.922
0.917
0.911
0.918
0.911
0.907
0.909
0.922
0.907
0.924
0.915
0.904
0.895
0.891
0.895
0.891
0.896
0.885
0.88
0.887
0.878
0.885
0.889
0.895
0.895
0.896
0.913
0.913
0.917
0.909
0.907
0.909
0.906
0.907
0.904
0.907
0.902
0.906
0.891
0.893
0.889
0.887
0.891
0.891
0.885
0.891
0.889
0.883
0.887
0.883
0.883
0.885
0.887
0.893
0.904
0.902
0.9
0.895
0.891
0.891
0.891
0.896
0.893
0.906
0.902
0.887
0.895
0.893
0.889
0.889
0.902
0.9
0.902
0.896
0.891
0.895
0.898
0.906
0.917
0.926
0.917
0.917
0.922
0.946
0.922
0.924
0.92
0.918
0.92
0.92
0.915
0.918
0.917
0.917
0.915
0.922
0.918
0.92
0.922
0.924
0.92
0.917
0.92
0.917
0.911
0.907
0.904
0.913
0.915
0.911
0.911
0.928
0.913
0.911
0.913
0.909
0.917
0.907
0.913
0.906
0.9
0.9
0.896
0.902
0.902
0.898
0.9
0.904
0.9
0.891
0.898
0.896
0.904
0.898
0.913
0.913
0.911
0.904
0.902
0.902
0.902
0.911
0.904
0.906
0.896
0.891
0.895
0.88
0.891
0.885
0.895
0.882
0.887
0.896
0.889
0.893
0.885
0.883
0.88
0.893
0.898
0.898
0.902
0.889
0.898
0.895
0.887
0.895
0.904
0.906
0.906
0.907
0.891
0.893
0.889
0.891
0.895
0.891
0.907
0.907
0.915
0.913
0.918
0.909
0.909
0.915
0.907
0.918
0.92
0.944
0.918
0.931
0.941
0.93
0.941
0.931
0.93
0.918
0.915
0.911
0.911
0.906
0.902
0.915
0.907
0.906
0.902
0.904
0.911
0.907
0.902
0.9
0.909
0.909
0.904
0.906
0.898
0.893
0.891
0.891
0.891
0.898
0.9
0.891
0.896
0.896
0.9
0.911
0.907
0.906
0.904
0.906
0.915
0.915
0.911
0.904
0.902
0.896
0.887
0.896
0.9
0.898
0.885
0.883
0.885
0.883
0.891
0.889
0.895
0.891
0.895
0.891
0.883
0.891
0.893
0.865

